32.2506
31.5131
30.7113
31.8515
31.3282
32.0920
30.8143
32.8263
32.1064
31.7635
29.7473
32.7856
29.8774
30.9943
32.2610
32.1024
32.9632
31.6461
30.6266
31.7330
31.8973
31.0541
32.1232
30.0733
32.1928
34.5273
28.6252
30.7792
29.5198
32.3699
30.5362
31.0341
32.1752
33.5367
31.8865
31.2037
31.5983
31.0448
31.2427
34.1367
31.1540
34.1060
30.4668
33.2827
31.9274
33.6606
30.5711
30.8884
29.7397
29.4195
29.3678
30.5752
30.6329
31.7371
31.6338
31.3973
31.1059
29.2160
28.1157
34.0466
27.6684
33.1587
33.3988
32.2439
27.0436
29.7669
30.1538
29.5929
29.7879
28.9591
32.4635
30.4454
31.5300
30.7504
30.1442
28.4882
29.5624
30.1559
28.4310
29.8679
30.5025
30.3995
27.8578
30.7452
27.4752
29.5467
27.4165
30.1002
30.3985
29.0152
29.1351
29.5637
29.7427
30.2488
30.0102
29.8713
30.6028
30.3737
30.0220
30.0260
24.2030
30.7890
30.4985
29.6304
29.1852
28.7900
30.5534
29.6169
33.2872
33.2201
34.6040
30.5282
31.1704
31.2749
29.5634
31.3030
33.6509
29.0394
30.2698
30.9700
30.6993
31.3150
31.2758
30.9828
32.6502
39.1512
38.9659
37.5089
36.0207
40.5700
38.3872
38.5156
40.5792
36.9314
36.0795
38.7769
40.2996
39.0665
38.1496
36.3761
34.2140
35.2873
36.7338
41.2108
37.9756
36.8429
37.3248
40.1850
39.7589
39.9582
34.4227
35.8490
30.6874
38.2911
36.8939
30.3260
38.5339
39.4164
35.9706
36.9714
36.2029
36.2057
35.5436
35.8818
38.4078
38.4643
27.4990
36.5852
35.7261
32.8991
36.2922
39.1356
34.6906
35.3649
28.1839
32.7675
32.0179
30.0359
31.9570
36.2568
30.3140
30.5488
32.0987
35.5941
32.1890
31.5393
31.4516
29.0944
31.7666
31.1961
33.6852
29.7725
30.5185
31.9717
30.7374
30.5174
30.8769
30.2930
30.4990
35.2907
29.3708
28.1441
28.7501
28.9515
28.4418
29.1696
28.6235
29.1829
28.7951
28.8431
27.6541
29.5042
28.6764
33.4766
34.1607
29.9654
29.8955
29.3725
32.6827
32.1402
31.7140
30.6684
30.4872
30.2984
30.9712
33.2152
34.5868
34.8077
35.0309
32.7749
32.5827
31.9142
31.3822
33.0982
32.0748
31.2125
31.0491
31.8518
31.8243
31.4707
30.6448
30.9632
31.1428
31.4985
32.6084
33.0622
33.7010
34.4439
34.4097
33.6713
34.5613
32.9622
34.7732
33.6648
34.2549
33.3393
35.0020
32.3548
34.9755
34.4154
35.1743
33.3549
34.8036
35.1895
33.6656
34.5394
35.2546
33.7660
32.3965
32.7804
33.5817
32.6169
33.2988
32.7812
34.0209
33.3220
34.0763
31.7046
32.0798
35.7475
32.4834
32.9547
31.5946
31.9402
33.0938
33.8969
32.2166
33.7432
34.6826
34.5134
34.3122
34.9583
31.9550
33.1856
33.0402
35.0682
33.7220
34.4794
29.5336
29.2146
30.2221
32.7940
32.1310
33.0952
31.0576
29.4075
29.2544
29.4348
31.5705
30.5164
30.9625
31.2521
32.3602
32.8640
34.0606
31.8053
30.1512
28.7191
33.6778
32.4398
31.3942
31.1389
30.5971
30.8434
29.1978
34.5270
32.6424
24.5212
29.6519
31.9211
33.3777
29.8568
27.1528
35.1201
32.3965
31.9682
38.0490
32.9538
30.7104
32.1824
32.1978
30.5448
31.0167
29.7726
31.8820
28.9492
28.6729
29.8018
29.4488
31.6460
29.3725
29.7764
32.0472
32.9492
30.9060
32.3960
30.4838
32.1414
30.5284
32.5734
30.9085
31.5938
30.1790
30.7074
34.1682
30.9822
32.2077
31.3965
30.3538
29.9679
31.2264
29.5023
28.2659
28.4757
26.3770
32.1506
31.3029
32.7176
23.3785
24.2649
31.1195
23.8533
36.3079
34.4370
29.7382
30.0014
23.3170
24.5086
29.8385
20.5307
21.2074
30.2907
26.6554
31.3413
25.9585
33.7209
25.9807
28.6701
28.3710
28.4181
33.2573
29.0385
28.4555
29.9684
29.0377
28.4172
27.9202
28.5010
31.9014
27.6546
28.4995
28.6840
29.6617
29.2650
30.6755
30.0734
31.4600
33.3195
31.3136
30.3260
31.0526
31.3923
28.8687
26.7470
31.6490
36.5089
32.5621
32.0007
31.9921
30.9165
31.7280
30.7518
30.4900
31.5807
32.4013
31.1242
30.7824
31.9335
31.3105
31.5310
29.5596
32.1373
31.1155
30.2050
29.3601
30.0584
30.2477
34.2565
33.3342
31.2684
31.6015
33.5748
32.3124
31.5355
33.3468
31.9003
34.9336
31.5510
33.2110
32.7057
32.5402
32.5460
31.8463
32.7406
31.2918
33.3453
34.5643
33.7374
32.6957
30.6302
33.7838
31.6505
31.1761
31.4298
31.2854
34.1232
32.1712
36.2011
34.1837
35.0734
32.5904
31.8981
30.9760
30.6689
32.2675
27.2512
29.6161
30.4095
30.1625
29.6271
29.6880
29.6959
31.6266
32.7655
29.2973
29.4156
32.0077
34.6337
29.9529
31.8778
28.9140
26.7746
29.1660
32.7900
39.6680
30.9703
29.2980
36.0815
33.3202
28.1917
24.9041
29.7385
28.7939
33.8832
31.4656
30.6783
31.2058
27.7843
31.9189
27.9258
28.8035
33.1118
30.2250
30.8304
29.6985
31.2448
28.3120
30.0405
29.9539
29.0870
28.8648
28.9363
30.5039
29.6328
33.1704
28.8355
30.2098
29.9970
28.1787
28.5936
29.4632
29.7942
30.7850
28.4053
31.7557
29.2600
29.0493
32.0516
35.1489
26.9143
29.4585
30.8214
30.2357
29.5114
29.3738
28.7988
34.7425
25.4488
31.6035
31.8665
30.7193
27.3779
31.7265
31.5613
28.2318
30.3419
29.3116
31.2864
32.8025
31.8264
23.6001
30.2196
32.4238
33.3419
32.7195
34.1048
29.5013
28.2639
30.8674
31.3915
29.2012
31.6997
33.3211
32.9082
32.9476
33.2573
30.3563
32.2824
31.7289
32.6332
32.1701
32.2966
31.7539
32.6698
30.4823
31.1920
31.3046
28.0933
29.2334
29.8843
26.7575
29.4722
29.1824
31.9419
28.4361
30.5122
28.1504
32.8418
29.8189
29.8153
32.1877
29.3395
32.4306
29.5428
32.7025
29.1091
29.1319
29.2188
31.1617
30.1718
29.3664
30.8786
32.0110
28.4750
29.4179
28.9100
28.6146
31.5103
28.8329
30.1967
30.6229
28.9580
28.4321
31.9639
28.7061
29.0003
29.3148
28.1423
29.9870
28.8903
32.9928
28.6560
30.6381
28.6929
31.1049
31.0314
28.3459
29.0195
31.8287
30.7107
31.3613
31.8284
31.0854
31.2314
31.3311
27.8679
30.4955
30.9329
31.5803
30.1039
30.0455
29.6550
28.9309
31.3379
28.0030
28.8744
33.5836
28.5350
29.3315
29.3224
32.0153
31.3059
34.0820
35.3400
33.7685
35.3212
33.2093
34.8435
38.8535
31.8888
37.5008
34.4835
31.0874
30.9462
35.0579
33.9797
32.9831
36.2579
38.1471
32.7460
36.0349
32.2848
37.7334
36.5691
33.7204
35.2759
31.0954
