28.6999
27.5691
27.3771
28.3038
27.5522
26.3746
25.9814
31.4522
28.4555
27.2889
25.3983
29.3823
26.1532
27.7849
26.8571
28.2245
29.0641
26.2367
26.6351
25.2257
28.1389
25.6334
28.4661
26.5473
27.9482
29.1205
25.9804
25.5336
25.4087
28.1487
25.8672
26.3955
27.6308
28.7971
28.3693
28.3775
28.0214
27.9225
28.5023
30.4250
29.7938
30.0413
27.0349
30.1176
26.3026
29.4822
26.2946
26.1100
26.1061
26.6924
25.3494
28.8557
25.2355
26.2807
28.9734
25.3046
25.6304
25.1865
26.2330
29.4964
25.9057
29.7211
30.0608
28.3965
21.8329
24.6688
26.9395
27.0099
26.9341
25.3062
31.0627
27.5233
25.3563
28.2078
28.7976
24.7127
27.6351
26.6361
23.9279
27.2903
26.4278
27.2243
27.9552
27.7499
24.8709
27.3486
24.9421
26.7655
27.1903
24.6890
25.4444
25.7014
28.1396
26.1284
26.7783
27.5794
25.6355
26.6476
26.2753
26.6577
22.0820
25.4491
26.7149
26.0369
24.5680
23.3946
28.8077
23.9853
26.4232
28.5071
28.7550
23.9549
23.8394
26.0009
26.1239
25.5068
28.1173
24.6273
26.0205
26.1414
25.9796
26.6978
23.1631
25.3136
28.4147
33.6075
31.7929
32.2038
28.2593
28.5124
31.6779
30.7795
31.1457
29.2662
31.4971
32.2787
32.0427
32.5555
32.0145
34.3731
30.4991
30.5573
27.9490
32.9348
30.8116
32.2708
29.4236
31.5156
29.9964
28.6951
28.6016
31.0459
28.0734
37.0364
31.2323
27.7395
32.6754
34.2070
33.0267
30.5097
30.4544
32.8876
29.9435
28.5613
30.6113
30.0800
27.5561
29.9101
32.1419
31.0330
29.2258
28.5236
31.1264
29.8057
25.6448
27.4924
29.5553
24.8023
27.9759
31.9516
28.4401
24.8240
25.8585
34.3934
27.0378
27.1964
29.6647
26.7319
30.1748
29.8338
29.8574
26.6793
29.5067
31.7811
29.1712
28.5739
26.6026
27.0063
24.7949
31.8829
23.5904
24.2008
23.5571
22.6984
22.9704
25.1223
24.0581
24.2059
24.6732
24.1214
24.0672
26.7724
27.0396
35.1111
31.7886
25.9028
26.6324
25.8895
28.3109
27.3241
27.9443
28.4528
26.6409
25.3550
24.0514
28.4276
29.0332
29.6037
30.2344
27.7304
28.3200
27.9808
27.3714
28.2246
28.6070
28.0019
27.5387
28.3077
29.0037
29.2255
28.0820
28.3402
27.8490
28.0405
28.1532
28.7266
29.0245
32.5935
31.8391
31.8657
31.2042
30.7883
32.0305
32.2500
31.1216
31.2074
32.3410
30.9720
31.2236
32.3312
31.8312
31.7488
32.0853
32.0442
32.8095
31.7218
32.7583
32.3809
30.5442
30.9075
31.4989
31.6311
27.6565
29.3758
29.0427
29.0808
30.7298
28.6010
28.0886
30.7082
28.8682
28.0987
28.4297
27.7294
29.6316
29.9818
28.3157
29.3430
30.1908
29.6698
29.5936
29.9096
28.7864
29.5567
30.0555
29.3514
29.5374
30.6591
25.9814
24.7868
25.9869
28.3161
27.2718
26.4673
25.8650
26.0283
26.6157
25.3893
28.0743
26.8844
27.3362
28.5194
28.2367
29.5289
28.5790
26.9207
26.3752
25.3615
28.8399
27.4423
27.6097
28.6840
26.4965
24.9126
23.7504
25.2799
27.7469
22.4184
26.6974
24.6557
28.4019
24.9031
25.0528
32.8360
27.3532
29.9328
30.9258
28.4978
22.5484
25.1260
27.0252
26.6859
26.1101
25.3050
26.8578
23.9417
24.3211
24.3232
25.6444
26.5514
26.2249
25.5875
27.2327
30.0834
27.0235
30.5760
25.6997
30.8800
28.2756
28.1088
27.5916
28.0431
26.8490
24.6825
29.2161
27.9130
28.1648
29.3906
26.9857
27.3952
26.4900
24.0415
25.3850
26.2557
25.7893
27.0785
27.8859
26.6303
18.5731
18.8761
27.4886
17.7710
29.1180
28.3625
24.9447
34.5897
28.3717
20.8653
23.4046
15.9741
19.6371
24.9324
21.6245
30.3777
26.6180
28.8746
24.7144
24.2783
23.6074
24.8227
27.7182
24.7733
24.7603
25.0262
25.1089
24.9505
25.7954
24.5134
27.5524
23.4989
23.8810
22.4929
24.9771
26.5706
23.6783
23.9954
24.3066
24.5559
26.4187
26.0026
28.1208
28.7855
30.0939
29.5332
31.1428
33.9870
31.2773
27.2086
27.7799
26.5494
27.9371
27.7487
26.3586
26.8322
30.8455
27.4772
27.4513
28.2643
26.8158
27.1762
26.1086
25.8377
25.0840
24.0554
24.3044
24.5291
27.1629
30.3312
31.6576
31.0830
27.6211
28.9682
30.0106
29.8302
31.1559
29.3412
29.5702
29.3463
31.1808
30.6240
29.0018
29.7347
28.5031
30.6967
28.3320
32.1096
30.5214
30.3550
33.0896
32.1514
34.6903
45.5560
26.2491
26.7639
26.9417
29.8518
25.7648
27.8220
26.7833
26.8781
26.0461
26.5586
25.6196
25.0183
27.1386
22.1732
22.8184
23.4341
24.8098
25.3454
25.5088
25.5405
25.7124
27.4754
25.1257
24.6110
27.6122
34.1089
29.2967
28.0586
25.4190
24.1306
25.2661
35.3840
34.4631
29.0163
26.3464
27.4869
27.3356
24.7803
25.0298
27.6561
27.6807
26.2428
28.7404
27.3167
28.0117
23.7253
28.1704
27.6144
26.5965
27.9347
27.5990
27.8643
26.9003
27.6550
26.0156
27.0610
27.0868
24.7888
26.5388
26.3320
27.5617
27.2436
31.0931
26.4070
27.6665
26.1309
25.9103
25.9724
25.3234
25.5678
27.3381
25.5509
27.4613
24.7620
25.6569
27.4731
34.5389
26.9340
25.0345
30.6035
25.6532
27.0869
23.8965
24.7940
28.5076
21.9747
34.1102
26.1510
23.6752
25.6953
29.4231
26.7949
21.0059
24.8012
26.5550
30.4498
28.7101
28.7998
21.7276
27.4267
26.2659
27.4893
27.9920
26.3621
27.4470
25.2355
28.1312
30.4947
26.2323
28.3900
28.1178
28.9321
27.1271
28.3129
23.9450
27.6131
26.0160
27.3644
29.1338
27.2096
29.0809
26.6660
26.5640
26.6309
26.6948
25.9424
26.8446
25.0624
22.4337
27.7533
28.9688
32.7615
24.9407
24.6178
27.1352
27.8853
24.3584
25.8984
25.5028
27.0023
27.2204
24.5695
27.2380
27.5744
27.1764
29.2877
26.2087
24.0855
26.4345
27.8643
27.8327
24.0521
25.1916
25.0321
24.0440
27.4521
23.0831
26.2301
32.9992
23.1685
24.4096
25.1676
28.4082
23.4450
26.2765
23.8445
24.8015
22.6358
30.5954
22.7362
29.9677
23.5695
27.0398
24.8347
25.1388
22.7350
27.2126
28.0534
26.6507
28.6416
31.8350
24.9410
25.8300
20.3595
29.0945
23.6427
25.4704
27.0728
23.2604
22.8284
25.5978
24.0003
23.3430
24.5832
28.2832
21.5732
23.4236
21.6372
27.9072
25.4377
28.4932
31.9681
29.9402
31.8149
31.2847
28.9207
29.1134
28.1235
34.6737
30.7222
29.2185
25.6864
27.6787
30.0254
33.0343
30.2533
32.3156
27.7866
29.6365
29.4459
33.8616
27.8609
27.3172
39.1951
28.8109
